2.42403825263
-0.212622329387
2.75647748876
2.20898947003
3.37217961197
1.32690706904
3.11394298549
3.08544770187
1.4806867346
3.13504060907
4.15154896218
1.68211155821
1.61633661548
2.23957937052
3.57469103277
3.56006702243
1.61894102639
2.50154738915
2.2019870175
3.32499297186
0.0255793705565
2.95962569759
2.78495079859
2.44713701779
4.60874553563
3.49576044604
1.46069393463
4.25308205707
6.58465284996
1.83404121372
2.83612862147
3.8833065951
1.35001973205
1.57794852503
2.23438426288
0.0719161934245
3.14379253424
3.47913667124
2.00905650975
2.41074183136
3.15059800989
1.90844924263
1.20052827835
0.150744726
2.11845559188
-0.00950244196984
1.85823651177
4.812102297
0.975524777624
3.25889587958
2.41246331238
2.32960963135
2.06599788615
2.01553961876
1.11760322645
1.45690931819
3.58994271071
1.92019048128
2.15618699055
2.47717101543
1.71918321349
1.6620673774
4.06577098203
2.3328746422
0.20264153142
3.43525619131
1.06002978874
1.43141832775
2.38255829934
1.52274907568
2.185209225
4.1193195508
2.04999957912
2.64561347991
2.86390207134
2.0763978532
0.696320830857
2.59251002588
3.83913806885
3.5948449894
1.87939210485
0.876573668731
3.45792627044
1.35272605917
3.43263668961
4.17552382272
3.44373033565
3.19501080858
3.71112185691
2.32828307999
2.89837378571
2.22844053671
1.38424875055
3.44244935229
1.15721720574
1.87598611336
2.50174184604
2.85358062911
5.56736592484
3.32691065942
1.95623463819
3.08065876322
5.12460437742
2.83859862978
2.6477643001
2.24459358755
2.88283301989
0.956310786585
1.92833201251
1.48195149614
2.13852494078
2.72785969342
2.69436607684
1.4666550595
3.10355312057
1.74337352537
3.33502882711
2.20535215763
2.55219905421
5.59438318652
3.94963863797
3.60496385618
2.57096786374
1.05273740191
2.54715544791
3.58556087839
2.33398219158
1.38145404195
1.65106784936
0.480315527671
-0.357609557873
1.4068291607
2.72802377287
2.01387749622
3.54797156737
0.9376774412
1.15144130167
3.76483204859
1.10208417117
2.80244632987
1.16317286594
1.57249692601
5.15186091876
2.34929701576
7.8068784652
1.52571666324
2.0125303662
1.10832843164
1.88878024128
2.63924035757
3.92237995783
3.71471487383
1.0104250701
3.92384252651
1.59459826934
3.93131722602
2.12306676699
6.58985471627
3.34297899679
2.29711347076
1.52850535673
2.04505067728
2.09485228112
3.36833194866
1.73774205778
0.923783380459
1.66966067446
2.38071924466
3.05301400155
1.87768469969
1.50728219924
2.94612821987
1.84161066407
2.73816423246
2.4689980595
1.37903756798
1.76432189476
3.56087165412
6.17653873368
1.45349294585
3.24642063723
2.97628789522
3.41045258893
2.460492577
5.83760040457
2.30821758453
1.52374003916
0.278954777169
1.70607113281
0.709556488183
2.84027322398
1.36283714542
0.633639519934
2.86708466292
2.92974322854
1.83355015965
2.99889592965
4.38935852856
3.78388024356
3.05850343416
3.60617722814
1.56356379009
1.56242839469
4.37747084431
